19690
9915
6367
9358
5296
5627
7123
5122
8664
6637
5064
5324
6849
5036
4654
9131
5098
8450
4881
4636
4959
4965
4898
16644
5324
5305
4795
5123
5292
5520
5930
4860
4989
5213
5698
6634
4851
5143
5038
3355
5057
4711
4878
4863
4709
4561
7483
4300
4258
4061
4401
4188
3992
5926
4801
4721
17304
3845
4125
4503
4444
4096
6570
4490
4132
3887
4232
3856
3684
3818
4220
4756
3883
4178
4121
4361
33358
4648
4350
3978
7373
4208
4447
4159
5001
4387
4419
7337
4740
4359
4005
4482
4602
5231
4864
4557
4542
4844
4353
4352
4199
4386
4542
4162
4060
4147
4193
4529
4529
4439
4544
4789
4608
4196
4183
4213
3995
4447
4497
5096
9729
5206
4827
4610
6398
4839
11797
6590
5008
4696
5275
4377
4359
4292
4266
4326
4388
7529
6057
25298
4423
5023
4427
4340
3828
3851
3943
3415
4051
3729
3581
4021
4090
4102
3940
3959
3917
4110
4229
4183
3706
3898
4139
4299
4472
4565
14934
4146
3616
9434
3926
4037
4093
4116
4361
4317
4179
4242
4167
4150
4259
15995
4167
4232
3937
4112
3900
4411
4375
3893
4127
4461
4202
3963
3910
4107
4016
4000
6233
3979
4129
4025
4140
4273
3911
3985
4213
3938
7441
4134
4351
4293
3872
3920
3498
4064
4287
3741
4492
4010
3875
3454
3614
3748
3356
3596
8838
3282
4395
3745
4244
3920
3691
3875
3767
4449
4294
4888
4557
4217
3502
4260
4196
18551
4467
5696
3897
3533
2573
3263
6802
7886
3942
2437
5964
2654
2672
2544
2343
2444
2652
2403
2443
2484
2641
2234
2351
2503
19559
2351
2628
2416
2528
8161
2707
2454
2503
2576
2524
2642
2430
2635
2509
20157
2747
2935
3001
2359
2577
2794
2875
3333
2460
2604
2596
2442
2565
2528
2490
2525
2541
2623
2301
2484
2654
2563
3767
2956
4878
3945
5119
2499
5950
2817
3508
2447
3360
2883
3045
3911
3847
3205
3966
4578
4168
3455
4216
5027
5225
5429
6240
6269
5637
4457
5834
7716
6123
6251
3678
3018
4349
2670
2936
3284
3450
3355
3251
4482
15754
6994
20728
2946
3632
3224
3628
4257
3717
9444
19231
6537
3869
10480
6444
3420
3362
8708
2902
4520
20310
2632
4116
4207
3895
4062
2637
3728
3722
2821
6432
4568
7029
7172
10978
6345
4647
4223
4506
7931
3662
5188
3961
5986
3644
3935
4305
3905
3091
2965
3193
4104
4179
6348
3909
3571
4648
4091
4403
5919
3311
4587
25873
4832
5737
2533
2636
4819
2861
3928
2505
2408
2333
4242
2687
2525
2347
2466
2494
2381
2526
2497
2288
4038
2487
2435
2388
2638
2432
2365
2338
2337
2381
2434
2389
2326
2341
2441
2341
2303
2439
2318
2121
2386
4895
2388
2223
2556
2483
2286
2666
2409
2350
2413
2413
2357
2370
2439
2343
2350
2384
2234
2281
2500
3343
5968689
17304
4465
4209
4305
4128
8287
4032
3562
3597
3635
3667
3678
3771
3804
3270
3542
3476
3363
3705
3964
3906
3856
3832
2680
2477
2277
2812
3722
4122
2589
2542
2371
4093
3758
66543
3877
33244
3936
3009
3596
3451
3401
3714
3618
3996
3155
2462
2196
2269
2303
2215
2343
2277
2153
2208
2293
2142
2179
2175
2113
2174
19258
2104
2089
2187
2102
2204
2095
2150
2049
2023
2090
2004
2026
2134
2110
2145
2234
2067
2078
2086
2072
2044
2081
2077
2094
2098
2128
2149
1976
1992
2040
2042
1977
2076
2047
1993
2000
2013
2055
2043
1984
1931
2123
2078
2073
2147
18533
2264
1973
2001
2137
2043
2060
2052
1896
1949
2016
24648
2358
2146
2078
2270
2074
1982
2195
2171
2061
2037
2003
2064
1961
2463
2083
2138
2181
2271
2103
2077
2125
2774
7819
2563
2307
2350
2728
2196
2230
2280
2194
2188
2236
2219
2180
2773
2290
2284
2197
2212
2187
2138
2152
2206
2558
7630
2468
2263
2122
2036
2161
2145
2124
2147
2051
2181
2091
2125
2067
2206
2238
2051
2294
2171
2165
2256
2265
2119
2987
2132
2032
2114
2137
2028
2092
2033
2282
2380
2166
2626
2540
2726
4083
2513
2273
3192
2151
2188
2943
2213
2260
6607
2154
1968
2170
2479
2513
3128
3036
2475
2453
3110
2237
2997
2120
2651
1989
3147
2720
2755
3225
2284
1886
1999
1900
1888
1904
4680
2830
2930
2911
2898
2688
2802
2955
2010
2091
2085
1897
2470
1962
2014
2036
2211
2771
2974
3056
1919
1957
1893
1986
1967
1948
2007
1964
1920
1976
2082
2129
2093
2536
2084
2081
1972
2074
2048
2052
2129
1955
2111
1979
2145
2057
2139
2087
2074
2195
2115
2236
2159
2091
2244
2151
15101
3026
2320
2163
2082
2076
1983
1965
2100
2141
2044
2140
2079
2045
2128
2418
2094
2120
2099
1943
2098
1969
2025
2158
2244
2031
2192
2096
1987
2103
2088
2012
2020
2200
2020
2078
1998
2081
2025
1981
2001
2055
2089
2007
2025
2002
2019
2665
2055
2042
2118
1980
2075
2080
2179
2095
2019
2104
2161
2136
2090
2008
2159
2320
2212
2033
2100
1993
2066
12003
2039
4376
2351
2319
2144
2197
2180
2090
2045
4051
2299
2088
2038
2184
2091
2021
2267
2085
2061
2181
2155
2328
2020
2363
2410
6490
8315
7158
5870
3447
3948
4912
2090
3681
2686
2111
3382
2222
2729
3067
3505
3175
3256
3513
2771
3682
7335
4086
2516
3505
6364
2696
2101
2413
2720
2780
3675
2075
150499
19746
4157
4823
5038
3915
3149
2074
6207
6646
2545
2316
3753
3452
3347
3985
2167
3017
2627
6019
2879
3151
3879
3535
2338
2870
4426
2767
2278
3608
27732
3524
2008
4516
3652
3176
4032
2164
2250
2229
2272
2014
2124
2055
2152
3218
2236
3072
2200
2486
5500
2590
3004
2732
3044
2968
2378
3366
35400
4285
4412
4308
3547
2109
2687
2663
5377
2182
2605
2087
2584
2184
2546
2499
3226
2972
2488
3092
3142
2512
2290
2520
2310
2638
3000
2347
3870
3983
2239
3669
2964
2778
2664
1998
3632
2857
2018
2224
61389
14466
3387
2063
1807
2910
3063
2246
2554
2179
3183
2363
2641
2006
2472
2624
3388
3467
2691
3197
3276
4173
2880
2437
2896
3858
2792
3205
3658
2899
17236
8646
3202
5307
1919
1959
1897
1908
2319
1865
1915
1870
1891
1909
1856
1882
1790
1780
1852
1841
1784
1832
1773
1858
1790
1791
1781
1683
1711
1852
1822
1716
1757
1646
1725
1721
1766
1830
1786
1697
1639
1701
10681
1968
1741
3011
1949
2590
2477
2748
1755
1809
1794
1794
1824
1692
1693
1684
1714
1708
1722
1700
1706
1716
1726
1747
1709
1734
1692
1721
1693
1716
1693
1727
1690
1719
1760
1716
1715
1691
1735
1672
1725
1691
1740
1747
1756
1755
1748
1702
1713
1712
1706
1682
1729
1688
1711
1673
1727
2948
1753
1725
1729
1738
1829
2015
1825
1776
1784
1781
1699
1733
1654
1792
1645
1778
1757
1714
1727
1637
1732
1821
1707
1650
1698
1723
1752
1639
7255
2247
1872
1766
1659
1701
1665
1735
1721
1738
1718
1811
1705
1758
1682
1752
1718
1780
1744
1714
1747
1698
1812
1662
1681
1761
1706
1660
1656
1686
1728
1716
1677
1672
1748
1679
1853
1771
1958
1869
1843
1673
1749
1657
1625
1624
1629
1690
1677
1610
1697
1616
1635
1715
1639
1658
1666
1677
1664
1629
1746
1595
1543
1643
1630
1666
1662
1549
1640
1641
1634
1606
1656
1679
1637
1664
1595
1635
1623
12390
2861
1831
1655
1512
1565
2510
2318
2546
1617
1421
1540
1501
1501
1439
1468
1487
1635
1487
1521
1527
1589
1502
1538
1598
1528
1536
1556
1555
1564
1985
2400
1741
2567
2586
2292
2260
2219
2402
2429
2476
2605
2487
1620
1526
1500
1532
1519
1516
6890
2428
1798
1914
2357
2378
2414
2278
2244
2261
2317
2295
2356
2986
2499
2480
2298
13496
2728
1592
1529
1473
1433
1410
1428
1430
2280
2046
1404
1444
1493
1480
1442
1441
1457
1493
1387
1443
1499
1454
1505
1451
1526
1470
1480
1491
1492
1457
1438
1444
1478
1439
1442
1486
1433
1456
1414
1466
1476
1465
1497
1466
1472
1458
1461
1472
1414
1423
1423
1420
1440
1455
1412
1419
1414
1440
1419
1465
1401
1487
1438
1438
1405
1452
3271
14831
1944
1636
1565
1441
1433
1493
1521
1525
1417
1364
1475
1422
1573
1415
1408
1297
1445
1381
1504
1479
1435
1377
8556
1589
1551
1473
1449
1459
1446
1410
1450
1475
1472
1463
1469
1415
1390
1273
1348
1310
1316
1359
6468
2190
1769
1795
1691
1577
1603
1466
1500
1456
1515
1421
1380
1422
1497
1459
1506
1373
1408
1545
1409
1254
1384
1414
1348
1259
1328
1299
1385
1413
1409
1505
1565
1373
1615
1433
1470
1623
1579
1508
1465
