21715
4989
3528
6184
3260
3191
4200
3089
6304
4043
3024
3163
3770
4816
3296
4738
3519
2917
3215
3048
3096
3194
3871
15337
5079
4446
4512
3454
3881
3150
3030
3210
3290
3079
3378
4698
3057
3584
4397
2779
3377
2804
3520
5569
2765
3256
2953
3130
3097
3510
3430
2997
3692
4120
2867
3176
31451
2985
2723
3010
2759
2505
3324
2693
2820
2583
3285
2746
2779
2544
3019
2575
2546
2586
2495
2620
21966
2851
3123
2616
5695
2499
2460
2388
2437
2508
2431
2528
2475
2490
2419
2383
2408
2459
2530
2491
2512
2540
2400
2410
2592
2404
2446
2351
2584
2525
2510
2508
2512
2653
2636
2432
2401
2560
2540
2492
2538
2513
2417
2406
4102
2537
2820
2543
3521
2619
13737
2937
2648
2916
2564
2471
2585
2591
2445
