1.245336046
1.031651205
1.078726872
1.000169608
1.046496181
0.906623100
0.678700752
0.877174242
0.715706213
0.905007691
0.795005178
0.982166373
0.859345319
0.977036613
0.800194591
0.692085360
0.637210737
0.656720559
0.631998910
0.790607816
0.682676253
0.598357336
0.580473705
0.528103483
0.489710583
0.735358584
0.704990293
0.624252838
0.593702472
0.532669813
0.753907388
0.889627027
0.851659723
0.926835113
0.882526650
0.860524853
0.968337648
0.779836089
0.813470609
0.965001769
0.663720164
0.834573968
0.509513356
0.686041047
0.516534039
0.585156540
0.533187832
0.707186545
0.790451536
0.670922656
0.691988532
0.653385317
0.627602856
0.915632366
0.738341089
0.670332702
0.562754716
0.527971552
0.611392393
0.849912358