0.339651030
0.174513584
0.185513689
0.226102866
0.141529738
0.219928024
0.221459745
0.236323353
0.199895951
0.217235521
0.202759080
0.241127394
0.229364436
0.234707001
0.242484635
0.212833664
0.266609636
0.233318116
0.204349528
0.176559659
0.182643555
0.159433108
0.105861471
0.149493088
0.236020643
0.078127367
0.065167557
0.062515128
0.080736081
0.080929588
0.079005453
0.081406223
0.073025665
0.081717039
0.079455767
0.081282628
0.062368337
0.073358026
0.068361812
0.074651783
0.085500392
0.057975648
0.080076567
0.072165226
0.070824784
0.083256895
0.061535577
0.060046989
0.062010041
0.062693443
0.061297563
0.072981124
0.064289740
0.060611319
0.064077750
0.070473734
0.063114848
0.061156246
0.070494221
0.069336363