17.157376103
24.965820522
18.734383657
18.402060816
20.172576647
19.986019898
18.700899104
17.024778186
18.630509441
16.492071823
17.856992007
17.218346156
16.258680740
17.197247302
19.129493537
19.134183439
22.823304748
19.227655323
20.280853541
20.390940610
23.027696129
23.958858282
21.403616936
21.631669868
19.593855161
20.656107721
19.721067425
21.026848005
20.953480550
20.944339145
20.946551530
20.518689311
17.451176675
22.170992565
21.228893077
20.653251404
21.678506583
21.271169019
25.009268824
23.229317456
21.359802863
18.060923713
20.956146474
19.068867226
19.092320766
19.486354421
19.986056370
17.908318820
15.225770370
18.863662480
17.506859641
17.927009970
18.748104143
18.907202677
18.801274230
17.672341012
20.201141213
14.868523184
16.878799067
18.265337235